x1 = [1 2 3 4 5]
y1 = [1 2 3 4 4.5]
err = [0.1 0.2 0.3 0.4 0.5];
weight = 1./err.^2;
cftool